solid OpenSCAD_Model
  facet normal -0.7604059656000312 -0.6494480483301834 0
    outer loop
      vertex -0.8090169943749475 -0.5877852522924731 0
      vertex -0.7071067811865476 -0.7071067811865476 0
      vertex -0.7071067811865476 -0.7071067811865476 27
    endloop
  endfacet
  facet normal -0.6494480483301834 -0.7604059656000312 0
    outer loop
      vertex -0.7071067811865476 -0.7071067811865476 0
      vertex -0.5877852522924731 -0.8090169943749475 0
      vertex -0.7071067811865476 -0.7071067811865476 27
    endloop
  endfacet
  facet normal -0.5224985647159488 -0.8526401643540923 0
    outer loop
      vertex -0.45399049973954675 -0.8910065241883679 0
      vertex -0.45399049973954675 -0.8910065241883679 27
      vertex -0.5877852522924731 -0.8090169943749475 0
    endloop
  endfacet
  facet normal -0.3826834323650894 -0.923879532511287 0
    outer loop
      vertex -0.45399049973954675 -0.8910065241883679 0
      vertex -0.3090169943749474 -0.9510565162951535 0
      vertex -0.45399049973954675 -0.8910065241883679 27
    endloop
  endfacet
  facet normal -0.23344536385590595 -0.9723699203976764 0
    outer loop
      vertex -0.3090169943749474 -0.9510565162951535 0
      vertex -0.15643446504023087 -0.9876883405951378 0
      vertex -0.3090169943749474 -0.9510565162951535 27
    endloop
  endfacet
  facet normal -0.923879532511287 -0.3826834323650894 0
    outer loop
      vertex -0.8910065241883679 -0.45399049973954675 0
      vertex -0.8910065241883679 -0.45399049973954675 27
      vertex -0.9510565162951535 -0.3090169943749474 0
    endloop
  endfacet
  facet normal -0.8526401643540923 -0.5224985647159488 0
    outer loop
      vertex -0.8090169943749475 -0.5877852522924731 0
      vertex -0.8910065241883679 -0.45399049973954675 27
      vertex -0.8910065241883679 -0.45399049973954675 0
    endloop
  endfacet
  facet normal -0.9723699203976764 -0.23344536385590595 0
    outer loop
      vertex -0.9510565162951535 -0.3090169943749474 0
      vertex -0.9876883405951378 -0.15643446504023087 27
      vertex -0.9876883405951378 -0.15643446504023087 0
    endloop
  endfacet
  facet normal -0.996917333733128 -0.07845909572784465 0
    outer loop
      vertex -0.9876883405951378 -0.15643446504023087 0
      vertex -1 0 27
      vertex -1 0 0
    endloop
  endfacet
  facet normal -0.07845909572784465 -0.996917333733128 0
    outer loop
      vertex -0.15643446504023087 -0.9876883405951378 0
      vertex 0 -1 0
      vertex 0 -1 27
    endloop
  endfacet
  facet normal 0 0 -1
    outer loop
      vertex -0.7071067811865476 -0.7071067811865476 0
      vertex -0.9876883405951378 62.15643446504023 0
      vertex -0.5877852522924731 -0.8090169943749475 0
    endloop
  endfacet
  facet normal 0 0 -1
    outer loop
      vertex -0.45399049973954675 -0.8910065241883679 0
      vertex -0.5877852522924731 -0.8090169943749475 0
      vertex -0.9876883405951378 62.15643446504023 0
    endloop
  endfacet
  facet normal 0 0 -1
    outer loop
      vertex -0.8090169943749475 -0.5877852522924731 0
      vertex -0.9876883405951378 62.15643446504023 0
      vertex -0.7071067811865476 -0.7071067811865476 0
    endloop
  endfacet
  facet normal 0 0 -1
    outer loop
      vertex -0.8090169943749475 -0.5877852522924731 0
      vertex -0.8910065241883679 -0.45399049973954675 0
      vertex -0.9876883405951378 62.15643446504023 0
    endloop
  endfacet
  facet normal 0 0 -1
    outer loop
      vertex -0.8910065241883679 -0.45399049973954675 0
      vertex -0.9510565162951535 -0.3090169943749474 0
      vertex -0.9876883405951378 62.15643446504023 0
    endloop
  endfacet
  facet normal 0 0 -1
    outer loop
      vertex -0.45399049973954675 -0.8910065241883679 0
      vertex -0.9876883405951378 62.15643446504023 0
      vertex -0.3090169943749474 -0.9510565162951535 0
    endloop
  endfacet
  facet normal 0 0 -1
    outer loop
      vertex -0.3090169943749474 -0.9510565162951535 0
      vertex -0.9876883405951378 62.15643446504023 0
      vertex -0.15643446504023087 -0.9876883405951378 0
    endloop
  endfacet
  facet normal 0 0 -1
    outer loop
      vertex -0.15643446504023087 -0.9876883405951378 0
      vertex -0.9876883405951378 62.15643446504023 0
      vertex 0 -1 0
    endloop
  endfacet
  facet normal 0 0 -1
    outer loop
      vertex -0.9510565162951535 -0.3090169943749474 0
      vertex -0.9876883405951378 -0.15643446504023087 0
      vertex -0.9876883405951378 62.15643446504023 0
    endloop
  endfacet
  facet normal 0 0 -1
    outer loop
      vertex -0.9876883405951378 -0.15643446504023087 0
      vertex -1 0 0
      vertex -0.9876883405951378 62.15643446504023 0
    endloop
  endfacet
  facet normal 0 0 -1
    outer loop
      vertex 0 -1 0
      vertex -0.9876883405951378 62.15643446504023 0
      vertex 22.5 9 0
    endloop
  endfacet
  facet normal -1 0 0
    outer loop
      vertex -1 0 0
      vertex -1 0 27
      vertex -1 62 0
    endloop
  endfacet
  facet normal 0 0 -1
    outer loop
      vertex 0 -1 0
      vertex 22.5 9 0
      vertex 98 -1 0
    endloop
  endfacet
  facet normal 0 -1 0
    outer loop
      vertex 0 -1 0
      vertex 98 -1 0
      vertex 0 -1 27
    endloop
  endfacet
  facet normal -0.6494480483301834 -0.7604059656000312 0
    outer loop
      vertex -0.5877852522924731 -0.8090169943749475 0
      vertex -0.5877852522924731 -0.8090169943749475 27
      vertex -0.7071067811865476 -0.7071067811865476 27
    endloop
  endfacet
  facet normal -0.8526401643540923 -0.5224985647159488 0
    outer loop
      vertex -0.8090169943749475 -0.5877852522924731 0
      vertex -0.8090169943749475 -0.5877852522924731 27
      vertex -0.8910065241883679 -0.45399049973954675 27
    endloop
  endfacet
  facet normal -0.7604059656000312 -0.6494480483301834 0
    outer loop
      vertex -0.8090169943749475 -0.5877852522924731 0
      vertex -0.7071067811865476 -0.7071067811865476 27
      vertex -0.8090169943749475 -0.5877852522924731 27
    endloop
  endfacet
  facet normal -0.5224985647159488 -0.8526401643540923 0
    outer loop
      vertex -0.5877852522924731 -0.8090169943749475 0
      vertex -0.45399049973954675 -0.8910065241883679 27
      vertex -0.5877852522924731 -0.8090169943749475 27
    endloop
  endfacet
  facet normal -0.3826834323650894 -0.923879532511287 0
    outer loop
      vertex -0.3090169943749474 -0.9510565162951535 0
      vertex -0.3090169943749474 -0.9510565162951535 27
      vertex -0.45399049973954675 -0.8910065241883679 27
    endloop
  endfacet
  facet normal -0.923879532511287 -0.3826834323650894 0
    outer loop
      vertex -0.9510565162951535 -0.3090169943749474 0
      vertex -0.8910065241883679 -0.45399049973954675 27
      vertex -0.9510565162951535 -0.3090169943749474 27
    endloop
  endfacet
  facet normal -0.9723699203976764 -0.23344536385590595 0
    outer loop
      vertex -0.9510565162951535 -0.3090169943749474 0
      vertex -0.9510565162951535 -0.3090169943749474 27
      vertex -0.9876883405951378 -0.15643446504023087 27
    endloop
  endfacet
  facet normal -0.996917333733128 -0.07845909572784465 0
    outer loop
      vertex -0.9876883405951378 -0.15643446504023087 0
      vertex -0.9876883405951378 -0.15643446504023087 27
      vertex -1 0 27
    endloop
  endfacet
  facet normal -0.23344536385590595 -0.9723699203976764 0
    outer loop
      vertex -0.15643446504023087 -0.9876883405951378 0
      vertex -0.15643446504023087 -0.9876883405951378 27
      vertex -0.3090169943749474 -0.9510565162951535 27
    endloop
  endfacet
  facet normal -0.07845909572784465 -0.996917333733128 0
    outer loop
      vertex -0.15643446504023087 -0.9876883405951378 0
      vertex 0 -1 27
      vertex -0.15643446504023087 -0.9876883405951378 27
    endloop
  endfacet
  facet normal 0 0 1
    outer loop
      vertex -0.7071067811865476 -0.7071067811865476 27
      vertex -0.5877852522924731 -0.8090169943749475 27
      vertex -0.9876883405951378 62.15643446504023 27
    endloop
  endfacet
  facet normal 0 0 1
    outer loop
      vertex -0.45399049973954675 -0.8910065241883679 27
      vertex -0.9876883405951378 62.15643446504023 27
      vertex -0.5877852522924731 -0.8090169943749475 27
    endloop
  endfacet
  facet normal 0 0 1
    outer loop
      vertex -0.8090169943749475 -0.5877852522924731 27
      vertex -0.7071067811865476 -0.7071067811865476 27
      vertex -0.9876883405951378 62.15643446504023 27
    endloop
  endfacet
  facet normal 0 0 1
    outer loop
      vertex -0.8090169943749475 -0.5877852522924731 27
      vertex -0.9876883405951378 62.15643446504023 27
      vertex -0.8910065241883679 -0.45399049973954675 27
    endloop
  endfacet
  facet normal 0 0 1
    outer loop
      vertex -0.8910065241883679 -0.45399049973954675 27
      vertex -0.9876883405951378 62.15643446504023 27
      vertex -0.9510565162951535 -0.3090169943749474 27
    endloop
  endfacet
  facet normal 0 0 1
    outer loop
      vertex -0.45399049973954675 -0.8910065241883679 27
      vertex -0.3090169943749474 -0.9510565162951535 27
      vertex -0.9876883405951378 62.15643446504023 27
    endloop
  endfacet
  facet normal 0 0 1
    outer loop
      vertex -0.3090169943749474 -0.9510565162951535 27
      vertex -0.15643446504023087 -0.9876883405951378 27
      vertex -0.9876883405951378 62.15643446504023 27
    endloop
  endfacet
  facet normal 0 0 1
    outer loop
      vertex -0.15643446504023087 -0.9876883405951378 27
      vertex 0 -1 27
      vertex -0.9876883405951378 62.15643446504023 27
    endloop
  endfacet
  facet normal 0 0 1
    outer loop
      vertex -0.9510565162951535 -0.3090169943749474 27
      vertex -0.9876883405951378 62.15643446504023 27
      vertex -0.9876883405951378 -0.15643446504023087 27
    endloop
  endfacet
  facet normal 0 0 1
    outer loop
      vertex -0.9876883405951378 -0.15643446504023087 27
      vertex -0.9876883405951378 62.15643446504023 27
      vertex -1 0 27
    endloop
  endfacet
  facet normal 0 0 1
    outer loop
      vertex 0 -1 27
      vertex 1.5 1.5 27
      vertex 1.5 60.5 27
    endloop
  endfacet
  facet normal 0 0 1
    outer loop
      vertex 0 -1 27
      vertex 98 -1 27
      vertex 1.5 1.5 27
    endloop
  endfacet
  facet normal 0 0 -1
    outer loop
      vertex -1 0 0
      vertex -1 62 0
      vertex -0.9876883405951378 62.15643446504023 0
    endloop
  endfacet
  facet normal 0 0 -1
    outer loop
      vertex 22.5 9 0
      vertex -0.9876883405951378 62.15643446504023 0
      vertex 22.5 53 0
    endloop
  endfacet
  facet normal 0 0 -1
    outer loop
      vertex -0.9876883405951378 62.15643446504023 0
      vertex -0.9510565162951535 62.30901699437495 0
      vertex -0.8910065241883679 62.45399049973955 0
    endloop
  endfacet
  facet normal 0 0 -1
    outer loop
      vertex -0.9876883405951378 62.15643446504023 0
      vertex -0.8910065241883679 62.45399049973955 0
      vertex -0.8090169943749475 62.58778525229247 0
    endloop
  endfacet
  facet normal 0 0 -1
    outer loop
      vertex -0.9876883405951378 62.15643446504023 0
      vertex -0.8090169943749475 62.58778525229247 0
      vertex -0.7071067811865476 62.707106781186546 0
    endloop
  endfacet
  facet normal 0 0 -1
    outer loop
      vertex -0.9876883405951378 62.15643446504023 0
      vertex -0.7071067811865476 62.707106781186546 0
      vertex -0.5877852522924731 62.80901699437495 0
    endloop
  endfacet
  facet normal 0 0 -1
    outer loop
      vertex -0.9876883405951378 62.15643446504023 0
      vertex -0.5877852522924731 62.80901699437495 0
      vertex -0.45399049973954675 62.89100652418837 0
    endloop
  endfacet
  facet normal 0 0 -1
    outer loop
      vertex -0.9876883405951378 62.15643446504023 0
      vertex -0.45399049973954675 62.89100652418837 0
      vertex -0.3090169943749474 62.951056516295154 0
    endloop
  endfacet
  facet normal 0 0 -1
    outer loop
      vertex -0.9876883405951378 62.15643446504023 0
      vertex -0.3090169943749474 62.951056516295154 0
      vertex -0.15643446504023087 62.987688340595135 0
    endloop
  endfacet
  facet normal 0 0 -1
    outer loop
      vertex -0.9876883405951378 62.15643446504023 0
      vertex -0.15643446504023087 62.987688340595135 0
      vertex 0 63 0
    endloop
  endfacet
  facet normal -0.9969173337331279 0.07845909572784629 0
    outer loop
      vertex -1 62 0
      vertex -0.9876883405951378 62.15643446504023 27
      vertex -0.9876883405951378 62.15643446504023 0
    endloop
  endfacet
  facet normal -0.9723699203976786 0.23344536385589731 0
    outer loop
      vertex -0.9876883405951378 62.15643446504023 0
      vertex -0.9876883405951378 62.15643446504023 27
      vertex -0.9510565162951535 62.30901699437495 0
    endloop
  endfacet
  facet normal -0.9238795325112844 0.3826834323650955 0
    outer loop
      vertex -0.9510565162951535 62.30901699437495 0
      vertex -0.9510565162951535 62.30901699437495 27
      vertex -0.8910065241883679 62.45399049973955 0
    endloop
  endfacet
  facet normal -0.8526401643540864 0.5224985647159582 0
    outer loop
      vertex -0.8910065241883679 62.45399049973955 0
      vertex -0.8910065241883679 62.45399049973955 27
      vertex -0.8090169943749475 62.58778525229247 0
    endloop
  endfacet
  facet normal -0.7604059656000361 0.6494480483301774 0
    outer loop
      vertex -0.8090169943749475 62.58778525229247 0
      vertex -0.7071067811865476 62.707106781186546 27
      vertex -0.7071067811865476 62.707106781186546 0
    endloop
  endfacet
  facet normal -0.6494480483301986 0.7604059656000182 0
    outer loop
      vertex -0.7071067811865476 62.707106781186546 0
      vertex -0.5877852522924731 62.80901699437495 27
      vertex -0.5877852522924731 62.80901699437495 0
    endloop
  endfacet
  facet normal -0.5224985647159462 0.8526401643540938 0
    outer loop
      vertex -0.5877852522924731 62.80901699437495 0
      vertex -0.45399049973954675 62.89100652418837 27
      vertex -0.45399049973954675 62.89100652418837 0
    endloop
  endfacet
  facet normal -0.3826834323650785 0.9238795325112914 0
    outer loop
      vertex -0.45399049973954675 62.89100652418837 0
      vertex -0.45399049973954675 62.89100652418837 27
      vertex -0.3090169943749474 62.951056516295154 0
    endloop
  endfacet
  facet normal -0.23344536385588655 0.9723699203976811 0
    outer loop
      vertex -0.3090169943749474 62.951056516295154 0
      vertex -0.15643446504023087 62.987688340595135 27
      vertex -0.15643446504023087 62.987688340595135 0
    endloop
  endfacet
  facet normal -0.07845909572786433 0.9969173337331263 0
    outer loop
      vertex -0.15643446504023087 62.987688340595135 0
      vertex -0.15643446504023087 62.987688340595135 27
      vertex 0 63 0
    endloop
  endfacet
  facet normal 0 0 -1
    outer loop
      vertex -0.9876883405951378 62.15643446504023 0
      vertex 81.5 53 0
      vertex 22.5 53 0
    endloop
  endfacet
  facet normal 0 0 -1
    outer loop
      vertex -0.9876883405951378 62.15643446504023 0
      vertex 0 63 0
      vertex 98 63 0
    endloop
  endfacet
  facet normal 0 1 0
    outer loop
      vertex 0 63 0
      vertex 0 63 27
      vertex 98 63 0
    endloop
  endfacet
  facet normal -1 0 0
    outer loop
      vertex -1 0 27
      vertex -1 62 27
      vertex -1 62 0
    endloop
  endfacet
  facet normal 0 0 1
    outer loop
      vertex 0 -1 27
      vertex 1.5 60.5 27
      vertex -0.9876883405951378 62.15643446504023 27
    endloop
  endfacet
  facet normal 0 0 1
    outer loop
      vertex -1 0 27
      vertex -0.9876883405951378 62.15643446504023 27
      vertex -1 62 27
    endloop
  endfacet
  facet normal -0.9969173337331279 0.07845909572784629 0
    outer loop
      vertex -1 62 0
      vertex -1 62 27
      vertex -0.9876883405951378 62.15643446504023 27
    endloop
  endfacet
  facet normal -0.9723699203976786 0.23344536385589731 0
    outer loop
      vertex -0.9510565162951535 62.30901699437495 0
      vertex -0.9876883405951378 62.15643446504023 27
      vertex -0.9510565162951535 62.30901699437495 27
    endloop
  endfacet
  facet normal -0.9238795325112844 0.3826834323650955 0
    outer loop
      vertex -0.8910065241883679 62.45399049973955 0
      vertex -0.9510565162951535 62.30901699437495 27
      vertex -0.8910065241883679 62.45399049973955 27
    endloop
  endfacet
  facet normal -0.8526401643540864 0.5224985647159582 0
    outer loop
      vertex -0.8090169943749475 62.58778525229247 0
      vertex -0.8910065241883679 62.45399049973955 27
      vertex -0.8090169943749475 62.58778525229247 27
    endloop
  endfacet
  facet normal -0.7604059656000361 0.6494480483301774 0
    outer loop
      vertex -0.8090169943749475 62.58778525229247 0
      vertex -0.8090169943749475 62.58778525229247 27
      vertex -0.7071067811865476 62.707106781186546 27
    endloop
  endfacet
  facet normal -0.6494480483301986 0.7604059656000182 0
    outer loop
      vertex -0.7071067811865476 62.707106781186546 0
      vertex -0.7071067811865476 62.707106781186546 27
      vertex -0.5877852522924731 62.80901699437495 27
    endloop
  endfacet
  facet normal -0.5224985647159462 0.8526401643540938 0
    outer loop
      vertex -0.5877852522924731 62.80901699437495 0
      vertex -0.5877852522924731 62.80901699437495 27
      vertex -0.45399049973954675 62.89100652418837 27
    endloop
  endfacet
  facet normal -0.3826834323650785 0.9238795325112914 0
    outer loop
      vertex -0.3090169943749474 62.951056516295154 0
      vertex -0.45399049973954675 62.89100652418837 27
      vertex -0.3090169943749474 62.951056516295154 27
    endloop
  endfacet
  facet normal -0.23344536385588655 0.9723699203976811 0
    outer loop
      vertex -0.3090169943749474 62.951056516295154 0
      vertex -0.3090169943749474 62.951056516295154 27
      vertex -0.15643446504023087 62.987688340595135 27
    endloop
  endfacet
  facet normal -0.07845909572786433 0.9969173337331263 0
    outer loop
      vertex 0 63 0
      vertex -0.15643446504023087 62.987688340595135 27
      vertex 0 63 27
    endloop
  endfacet
  facet normal 0 0 1
    outer loop
      vertex -0.9876883405951378 62.15643446504023 27
      vertex -0.8910065241883679 62.45399049973955 27
      vertex -0.9510565162951535 62.30901699437495 27
    endloop
  endfacet
  facet normal 0 0 1
    outer loop
      vertex -0.9876883405951378 62.15643446504023 27
      vertex -0.8090169943749475 62.58778525229247 27
      vertex -0.8910065241883679 62.45399049973955 27
    endloop
  endfacet
  facet normal 0 0 1
    outer loop
      vertex -0.9876883405951378 62.15643446504023 27
      vertex -0.7071067811865476 62.707106781186546 27
      vertex -0.8090169943749475 62.58778525229247 27
    endloop
  endfacet
  facet normal 0 0 1
    outer loop
      vertex -0.9876883405951378 62.15643446504023 27
      vertex -0.5877852522924731 62.80901699437495 27
      vertex -0.7071067811865476 62.707106781186546 27
    endloop
  endfacet
  facet normal 0 0 1
    outer loop
      vertex -0.9876883405951378 62.15643446504023 27
      vertex -0.45399049973954675 62.89100652418837 27
      vertex -0.5877852522924731 62.80901699437495 27
    endloop
  endfacet
  facet normal 0 0 1
    outer loop
      vertex -0.9876883405951378 62.15643446504023 27
      vertex -0.3090169943749474 62.951056516295154 27
      vertex -0.45399049973954675 62.89100652418837 27
    endloop
  endfacet
  facet normal 0 0 1
    outer loop
      vertex -0.9876883405951378 62.15643446504023 27
      vertex -0.15643446504023087 62.987688340595135 27
      vertex -0.3090169943749474 62.951056516295154 27
    endloop
  endfacet
  facet normal 0 0 1
    outer loop
      vertex -0.9876883405951378 62.15643446504023 27
      vertex 0 63 27
      vertex -0.15643446504023087 62.987688340595135 27
    endloop
  endfacet
  facet normal 0 0 1
    outer loop
      vertex 1.5 60.5 27
      vertex 96.5 60.5 27
      vertex -0.9876883405951378 62.15643446504023 27
    endloop
  endfacet
  facet normal 0 0 1
    outer loop
      vertex -0.9876883405951378 62.15643446504023 27
      vertex 98 63 27
      vertex 0 63 27
    endloop
  endfacet
  facet normal 0 0 -1
    outer loop
      vertex 22.5 9 0
      vertex 81.5 9 0
      vertex 98 -1 0
    endloop
  endfacet
  facet normal 0.07845909572784274 -0.9969173337331281 0
    outer loop
      vertex 98 -1 0
      vertex 98.15643446504023 -0.9876883405951378 0
      vertex 98.15643446504023 -0.9876883405951378 27
    endloop
  endfacet
  facet normal 0.23344536385591794 -0.9723699203976738 0
    outer loop
      vertex 98.15643446504023 -0.9876883405951378 0
      vertex 98.30901699437494 -0.9510565162951535 0
      vertex 98.15643446504023 -0.9876883405951378 27
    endloop
  endfacet
  facet normal 0.38268343236507957 -0.9238795325112911 0
    outer loop
      vertex 98.30901699437494 -0.9510565162951535 0
      vertex 98.45399049973955 -0.8910065241883679 0
      vertex 98.30901699437494 -0.9510565162951535 27
    endloop
  endfacet
  facet normal 0.522498564715938 -0.8526401643540988 0
    outer loop
      vertex 98.45399049973955 -0.8910065241883679 0
      vertex 98.58778525229248 -0.8090169943749475 0
      vertex 98.58778525229248 -0.8090169943749475 27
    endloop
  endfacet
  facet normal 0.6494480483301774 -0.7604059656000361 0
    outer loop
      vertex 98.58778525229248 -0.8090169943749475 0
      vertex 98.70710678118655 -0.7071067811865476 0
      vertex 98.58778525229248 -0.8090169943749475 27
    endloop
  endfacet
  facet normal 0.7604059656000628 -0.6494480483301461 0
    outer loop
      vertex 98.70710678118655 -0.7071067811865476 0
      vertex 98.80901699437494 -0.5877852522924731 0
      vertex 98.70710678118655 -0.7071067811865476 27
    endloop
  endfacet
  facet normal 0.8526401643540736 -0.5224985647159791 0
    outer loop
      vertex 98.80901699437494 -0.5877852522924731 0
      vertex 98.89100652418837 -0.45399049973954675 0
      vertex 98.89100652418837 -0.45399049973954675 27
    endloop
  endfacet
  facet normal 0.9238795325112914 -0.3826834323650785 0
    outer loop
      vertex 98.89100652418837 -0.45399049973954675 0
      vertex 98.95105651629515 -0.3090169943749474 0
      vertex 98.95105651629515 -0.3090169943749474 27
    endloop
  endfacet
  facet normal 0.9723699203976709 -0.23344536385592937 0
    outer loop
      vertex 98.95105651629515 -0.3090169943749474 0
      vertex 98.98768834059514 -0.15643446504023087 0
      vertex 98.95105651629515 -0.3090169943749474 27
    endloop
  endfacet
  facet normal 0.9969173337331299 -0.07845909572781934 0
    outer loop
      vertex 98.98768834059514 -0.15643446504023087 0
      vertex 99 0 0
      vertex 99 0 27
    endloop
  endfacet
  facet normal 0 0 -1
    outer loop
      vertex 98 -1 0
      vertex 81.5 53 0
      vertex 98.15643446504023 -0.9876883405951378 0
    endloop
  endfacet
  facet normal 0 0 -1
    outer loop
      vertex 98.15643446504023 -0.9876883405951378 0
      vertex 81.5 53 0
      vertex 98.30901699437494 -0.9510565162951535 0
    endloop
  endfacet
  facet normal 0 0 -1
    outer loop
      vertex 81.5 9 0
      vertex 81.5 53 0
      vertex 98 -1 0
    endloop
  endfacet
  facet normal 0 0 -1
    outer loop
      vertex 98.30901699437494 -0.9510565162951535 0
      vertex 81.5 53 0
      vertex 98.45399049973955 -0.8910065241883679 0
    endloop
  endfacet
  facet normal 0 0 -1
    outer loop
      vertex 98.45399049973955 -0.8910065241883679 0
      vertex 81.5 53 0
      vertex 98.58778525229248 -0.8090169943749475 0
    endloop
  endfacet
  facet normal 0 0 -1
    outer loop
      vertex 98.58778525229248 -0.8090169943749475 0
      vertex 81.5 53 0
      vertex 98.70710678118655 -0.7071067811865476 0
    endloop
  endfacet
  facet normal 0 0 -1
    outer loop
      vertex 98.70710678118655 -0.7071067811865476 0
      vertex 81.5 53 0
      vertex 98.80901699437494 -0.5877852522924731 0
    endloop
  endfacet
  facet normal 0 0 -1
    outer loop
      vertex 98.80901699437494 -0.5877852522924731 0
      vertex 81.5 53 0
      vertex 98.89100652418837 -0.45399049973954675 0
    endloop
  endfacet
  facet normal 0 0 -1
    outer loop
      vertex 98.89100652418837 -0.45399049973954675 0
      vertex 81.5 53 0
      vertex 98.95105651629515 -0.3090169943749474 0
    endloop
  endfacet
  facet normal 0 0 -1
    outer loop
      vertex 98.95105651629515 -0.3090169943749474 0
      vertex 81.5 53 0
      vertex 98.98768834059514 -0.15643446504023087 0
    endloop
  endfacet
  facet normal 0 0 -1
    outer loop
      vertex 98.98768834059514 -0.15643446504023087 0
      vertex 81.5 53 0
      vertex 99 0 0
    endloop
  endfacet
  facet normal 0 -1 0
    outer loop
      vertex 0 -1 27
      vertex 98 -1 0
      vertex 98 -1 27
    endloop
  endfacet
  facet normal 0 0 1
    outer loop
      vertex 1.5 1.5 27
      vertex 98 -1 27
      vertex 98.15643446504023 -0.9876883405951378 27
    endloop
  endfacet
  facet normal 0 0 1
    outer loop
      vertex 1.5 1.5 27
      vertex 98.15643446504023 -0.9876883405951378 27
      vertex 98.30901699437494 -0.9510565162951535 27
    endloop
  endfacet
  facet normal 0 0 1
    outer loop
      vertex 1.5 1.5 27
      vertex 98.30901699437494 -0.9510565162951535 27
      vertex 98.45399049973955 -0.8910065241883679 27
    endloop
  endfacet
  facet normal 0 0 1
    outer loop
      vertex 1.5 1.5 27
      vertex 98.45399049973955 -0.8910065241883679 27
      vertex 98.58778525229248 -0.8090169943749475 27
    endloop
  endfacet
  facet normal 0 0 1
    outer loop
      vertex 1.5 1.5 27
      vertex 98.98768834059514 -0.15643446504023087 27
      vertex 96.5 1.5 27
    endloop
  endfacet
  facet normal 0 0 1
    outer loop
      vertex 1.5 1.5 27
      vertex 98.58778525229248 -0.8090169943749475 27
      vertex 98.70710678118655 -0.7071067811865476 27
    endloop
  endfacet
  facet normal 0 0 1
    outer loop
      vertex 1.5 1.5 27
      vertex 98.70710678118655 -0.7071067811865476 27
      vertex 98.80901699437494 -0.5877852522924731 27
    endloop
  endfacet
  facet normal 0 0 1
    outer loop
      vertex 1.5 1.5 27
      vertex 98.80901699437494 -0.5877852522924731 27
      vertex 98.89100652418837 -0.45399049973954675 27
    endloop
  endfacet
  facet normal 0 0 1
    outer loop
      vertex 1.5 1.5 27
      vertex 98.89100652418837 -0.45399049973954675 27
      vertex 98.95105651629515 -0.3090169943749474 27
    endloop
  endfacet
  facet normal 0 0 1
    outer loop
      vertex 1.5 1.5 27
      vertex 98.95105651629515 -0.3090169943749474 27
      vertex 98.98768834059514 -0.15643446504023087 27
    endloop
  endfacet
  facet normal 0.07845909572784274 -0.9969173337331281 0
    outer loop
      vertex 98 -1 0
      vertex 98.15643446504023 -0.9876883405951378 27
      vertex 98 -1 27
    endloop
  endfacet
  facet normal 0.23344536385591794 -0.9723699203976738 0
    outer loop
      vertex 98.30901699437494 -0.9510565162951535 0
      vertex 98.30901699437494 -0.9510565162951535 27
      vertex 98.15643446504023 -0.9876883405951378 27
    endloop
  endfacet
  facet normal 0.38268343236507957 -0.9238795325112911 0
    outer loop
      vertex 98.45399049973955 -0.8910065241883679 0
      vertex 98.45399049973955 -0.8910065241883679 27
      vertex 98.30901699437494 -0.9510565162951535 27
    endloop
  endfacet
  facet normal 0.522498564715938 -0.8526401643540988 0
    outer loop
      vertex 98.45399049973955 -0.8910065241883679 0
      vertex 98.58778525229248 -0.8090169943749475 27
      vertex 98.45399049973955 -0.8910065241883679 27
    endloop
  endfacet
  facet normal 0.6494480483301774 -0.7604059656000361 0
    outer loop
      vertex 98.70710678118655 -0.7071067811865476 0
      vertex 98.70710678118655 -0.7071067811865476 27
      vertex 98.58778525229248 -0.8090169943749475 27
    endloop
  endfacet
  facet normal 0.7604059656000628 -0.6494480483301461 0
    outer loop
      vertex 98.80901699437494 -0.5877852522924731 0
      vertex 98.80901699437494 -0.5877852522924731 27
      vertex 98.70710678118655 -0.7071067811865476 27
    endloop
  endfacet
  facet normal 0.8526401643540736 -0.5224985647159791 0
    outer loop
      vertex 98.80901699437494 -0.5877852522924731 0
      vertex 98.89100652418837 -0.45399049973954675 27
      vertex 98.80901699437494 -0.5877852522924731 27
    endloop
  endfacet
  facet normal 0.9238795325112914 -0.3826834323650785 0
    outer loop
      vertex 98.89100652418837 -0.45399049973954675 0
      vertex 98.95105651629515 -0.3090169943749474 27
      vertex 98.89100652418837 -0.45399049973954675 27
    endloop
  endfacet
  facet normal 0.9723699203976709 -0.23344536385592937 0
    outer loop
      vertex 98.98768834059514 -0.15643446504023087 0
      vertex 98.98768834059514 -0.15643446504023087 27
      vertex 98.95105651629515 -0.3090169943749474 27
    endloop
  endfacet
  facet normal 0.9969173337331299 -0.07845909572781934 0
    outer loop
      vertex 98.98768834059514 -0.15643446504023087 0
      vertex 99 0 27
      vertex 98.98768834059514 -0.15643446504023087 27
    endloop
  endfacet
  facet normal 1 0 0
    outer loop
      vertex 99 0 0
      vertex 99 22.670543273651703 27
      vertex 99 0 27
    endloop
  endfacet
  facet normal 0 0 1
    outer loop
      vertex 98.98768834059514 -0.15643446504023087 27
      vertex 99 0 27
      vertex 96.5 1.5 27
    endloop
  endfacet
  facet normal 0 0 1
    outer loop
      vertex 99 0 27
      vertex 99 22.670543273651703 27
      vertex 96.5 1.5 27
    endloop
  endfacet
  facet normal 1 0 0
    outer loop
      vertex 99 0 0
      vertex 99 25.454915028125264 23.77501488036043
      vertex 99 24.730047501302266 24.1996324466495
    endloop
  endfacet
  facet normal 1 0 0
    outer loop
      vertex 99 0 0
      vertex 99 24.061073738537633 24.77938597182316
      vertex 99 23.464466094067262 25.5
    endloop
  endfacet
  facet normal 1 0 0
    outer loop
      vertex 99 0 0
      vertex 99 24.730047501302266 24.1996324466495
      vertex 99 24.061073738537633 24.77938597182316
    endloop
  endfacet
  facet normal 1 0 0
    outer loop
      vertex 99 0 0
      vertex 99 26.217827674798844 23.5159887666629
      vertex 99 25.454915028125264 23.77501488036043
    endloop
  endfacet
  facet normal 1 0 0
    outer loop
      vertex 99 0 0
      vertex 99 27 23.428932188134524
      vertex 99 26.217827674798844 23.5159887666629
    endloop
  endfacet
  facet normal 1 0 0
    outer loop
      vertex 99 0 0
      vertex 99 23.464466094067262 25.5
      vertex 99 22.954915028125264 26.343730622225458
    endloop
  endfacet
  facet normal 1 0 0
    outer loop
      vertex 99 0 0
      vertex 99 22.954915028125264 26.343730622225458
      vertex 99 22.670543273651703 27
    endloop
  endfacet
  facet normal 1 0 0
    outer loop
      vertex 99 0 0
      vertex 99 62 27
      vertex 99 27 23.428932188134524
    endloop
  endfacet
  facet normal 0 0 1
    outer loop
      vertex 96.5 1.5 27
      vertex 96.77938597182316 24.061073738537633 27
      vertex 96.5 24.38345536576139 27
    endloop
  endfacet
  facet normal 0 0 1
    outer loop
      vertex 96.5 1.5 27
      vertex 97.5 23.464466094067262 27
      vertex 96.77938597182316 24.061073738537633 27
    endloop
  endfacet
  facet normal 0 0 1
    outer loop
      vertex 96.5 1.5 27
      vertex 98.34373062222545 22.954915028125264 27
      vertex 97.5 23.464466094067262 27
    endloop
  endfacet
  facet normal 0 0 1
    outer loop
      vertex 96.5 1.5 27
      vertex 99 22.670543273651703 27
      vertex 98.34373062222545 22.954915028125264 27
    endloop
  endfacet
  facet normal 0 0 -1
    outer loop
      vertex -0.9876883405951378 62.15643446504023 0
      vertex 99 62 0
      vertex 81.5 53 0
    endloop
  endfacet
  facet normal 0 0 -1
    outer loop
      vertex -0.9876883405951378 62.15643446504023 0
      vertex 98 63 0
      vertex 98.15643446504023 62.987688340595135 0
    endloop
  endfacet
  facet normal 0 0 -1
    outer loop
      vertex -0.9876883405951378 62.15643446504023 0
      vertex 98.15643446504023 62.987688340595135 0
      vertex 98.30901699437494 62.951056516295154 0
    endloop
  endfacet
  facet normal 0 0 -1
    outer loop
      vertex -0.9876883405951378 62.15643446504023 0
      vertex 98.45399049973955 62.89100652418837 0
      vertex 98.58778525229248 62.80901699437495 0
    endloop
  endfacet
  facet normal 0 0 -1
    outer loop
      vertex -0.9876883405951378 62.15643446504023 0
      vertex 98.30901699437494 62.951056516295154 0
      vertex 98.45399049973955 62.89100652418837 0
    endloop
  endfacet
  facet normal 0 0 -1
    outer loop
      vertex -0.9876883405951378 62.15643446504023 0
      vertex 98.98768834059514 62.15643446504023 0
      vertex 99 62 0
    endloop
  endfacet
  facet normal 0 0 -1
    outer loop
      vertex -0.9876883405951378 62.15643446504023 0
      vertex 98.95105651629515 62.30901699437495 0
      vertex 98.98768834059514 62.15643446504023 0
    endloop
  endfacet
  facet normal 0 0 -1
    outer loop
      vertex -0.9876883405951378 62.15643446504023 0
      vertex 98.80901699437494 62.58778525229247 0
      vertex 98.89100652418837 62.45399049973955 0
    endloop
  endfacet
  facet normal 0 0 -1
    outer loop
      vertex -0.9876883405951378 62.15643446504023 0
      vertex 98.70710678118655 62.707106781186546 0
      vertex 98.80901699437494 62.58778525229247 0
    endloop
  endfacet
  facet normal 0 0 -1
    outer loop
      vertex -0.9876883405951378 62.15643446504023 0
      vertex 98.89100652418837 62.45399049973955 0
      vertex 98.95105651629515 62.30901699437495 0
    endloop
  endfacet
  facet normal 0 0 -1
    outer loop
      vertex -0.9876883405951378 62.15643446504023 0
      vertex 98.58778525229248 62.80901699437495 0
      vertex 98.70710678118655 62.707106781186546 0
    endloop
  endfacet
  facet normal 0 0 -1
    outer loop
      vertex 99 0 0
      vertex 81.5 53 0
      vertex 99 62 0
    endloop
  endfacet
  facet normal 1 0 0
    outer loop
      vertex 99 0 0
      vertex 99 62 0
      vertex 99 62 27
    endloop
  endfacet
  facet normal 0.07845909572786243 0.9969173337331266 0
    outer loop
      vertex 98 63 0
      vertex 98.15643446504023 62.987688340595135 27
      vertex 98.15643446504023 62.987688340595135 0
    endloop
  endfacet
  facet normal 0.23344536385589848 0.9723699203976782 0
    outer loop
      vertex 98.15643446504023 62.987688340595135 0
      vertex 98.15643446504023 62.987688340595135 27
      vertex 98.30901699437494 62.951056516295154 0
    endloop
  endfacet
  facet normal 0.9969173337331297 0.07845909572782096 0
    outer loop
      vertex 99 62 0
      vertex 98.98768834059514 62.15643446504023 0
      vertex 99 62 27
    endloop
  endfacet
  facet normal 0.972369920397673 0.23344536385592077 0
    outer loop
      vertex 98.98768834059514 62.15643446504023 0
      vertex 98.95105651629515 62.30901699437495 0
      vertex 98.95105651629515 62.30901699437495 27
    endloop
  endfacet
  facet normal 0.9238795325112891 0.3826834323650847 0
    outer loop
      vertex 98.95105651629515 62.30901699437495 0
      vertex 98.89100652418837 62.45399049973955 0
      vertex 98.95105651629515 62.30901699437495 27
    endloop
  endfacet
  facet normal 0.38268343236506863 0.9238795325112956 0
    outer loop
      vertex 98.30901699437494 62.951056516295154 0
      vertex 98.45399049973955 62.89100652418837 27
      vertex 98.45399049973955 62.89100652418837 0
    endloop
  endfacet
  facet normal 0.5224985647159355 0.8526401643541005 0
    outer loop
      vertex 98.58778525229248 62.80901699437495 0
      vertex 98.45399049973955 62.89100652418837 0
      vertex 98.45399049973955 62.89100652418837 27
    endloop
  endfacet
  facet normal 0.6494480483301927 0.7604059656000233 0
    outer loop
      vertex 98.58778525229248 62.80901699437495 0
      vertex 98.70710678118655 62.707106781186546 27
      vertex 98.70710678118655 62.707106781186546 0
    endloop
  endfacet
  facet normal 0.760405965600068 0.6494480483301404 0
    outer loop
      vertex 98.70710678118655 62.707106781186546 0
      vertex 98.70710678118655 62.707106781186546 27
      vertex 98.80901699437494 62.58778525229247 0
    endloop
  endfacet
  facet normal 0.8526401643540679 0.5224985647159885 0
    outer loop
      vertex 98.89100652418837 62.45399049973955 0
      vertex 98.80901699437494 62.58778525229247 0
      vertex 98.80901699437494 62.58778525229247 27
    endloop
  endfacet
  facet normal 0 1 0
    outer loop
      vertex 0 63 27
      vertex 98 63 27
      vertex 98 63 0
    endloop
  endfacet
  facet normal 0 0 1
    outer loop
      vertex -0.9876883405951378 62.15643446504023 27
      vertex 96.5 60.5 27
      vertex 99 62 27
    endloop
  endfacet
  facet normal 0 0 1
    outer loop
      vertex -0.9876883405951378 62.15643446504023 27
      vertex 98.15643446504023 62.987688340595135 27
      vertex 98 63 27
    endloop
  endfacet
  facet normal 0 0 1
    outer loop
      vertex -0.9876883405951378 62.15643446504023 27
      vertex 98.30901699437494 62.951056516295154 27
      vertex 98.15643446504023 62.987688340595135 27
    endloop
  endfacet
  facet normal 0 0 1
    outer loop
      vertex -0.9876883405951378 62.15643446504023 27
      vertex 98.58778525229248 62.80901699437495 27
      vertex 98.45399049973955 62.89100652418837 27
    endloop
  endfacet
  facet normal 0 0 1
    outer loop
      vertex -0.9876883405951378 62.15643446504023 27
      vertex 98.45399049973955 62.89100652418837 27
      vertex 98.30901699437494 62.951056516295154 27
    endloop
  endfacet
  facet normal 0 0 1
    outer loop
      vertex -0.9876883405951378 62.15643446504023 27
      vertex 99 62 27
      vertex 98.98768834059514 62.15643446504023 27
    endloop
  endfacet
  facet normal 0 0 1
    outer loop
      vertex -0.9876883405951378 62.15643446504023 27
      vertex 98.98768834059514 62.15643446504023 27
      vertex 98.95105651629515 62.30901699437495 27
    endloop
  endfacet
  facet normal 0 0 1
    outer loop
      vertex -0.9876883405951378 62.15643446504023 27
      vertex 98.89100652418837 62.45399049973955 27
      vertex 98.80901699437494 62.58778525229247 27
    endloop
  endfacet
  facet normal 0 0 1
    outer loop
      vertex -0.9876883405951378 62.15643446504023 27
      vertex 98.80901699437494 62.58778525229247 27
      vertex 98.70710678118655 62.707106781186546 27
    endloop
  endfacet
  facet normal 0 0 1
    outer loop
      vertex -0.9876883405951378 62.15643446504023 27
      vertex 98.95105651629515 62.30901699437495 27
      vertex 98.89100652418837 62.45399049973955 27
    endloop
  endfacet
  facet normal 0 0 1
    outer loop
      vertex -0.9876883405951378 62.15643446504023 27
      vertex 98.70710678118655 62.707106781186546 27
      vertex 98.58778525229248 62.80901699437495 27
    endloop
  endfacet
  facet normal 1 0 0
    outer loop
      vertex 99 27 23.428932188134524
      vertex 99 62 27
      vertex 99 27.782172325201156 23.5159887666629
    endloop
  endfacet
  facet normal 1 0 0
    outer loop
      vertex 99 27.782172325201156 23.5159887666629
      vertex 99 62 27
      vertex 99 28.545084971874736 23.77501488036043
    endloop
  endfacet
  facet normal 1 0 0
    outer loop
      vertex 99 28.545084971874736 23.77501488036043
      vertex 99 62 27
      vertex 99 29.269952498697734 24.1996324466495
    endloop
  endfacet
  facet normal 1 0 0
    outer loop
      vertex 99 29.269952498697734 24.1996324466495
      vertex 99 62 27
      vertex 99 29.938926261462367 24.77938597182316
    endloop
  endfacet
  facet normal 1 0 0
    outer loop
      vertex 99 29.938926261462367 24.77938597182316
      vertex 99 62 27
      vertex 99 30.535533905932738 25.5
    endloop
  endfacet
  facet normal 0 0 1
    outer loop
      vertex 96.5 29.61654463423861 27
      vertex 96.77938597182316 29.938926261462367 27
      vertex 96.5 60.5 27
    endloop
  endfacet
  facet normal 0 0 1
